107682
21507
22888
15733
10210
7126
5347
4051
3127
2482
2059
1791
1596
1523
1428
1339
1283
1219
1195
1198
1203
1240
1181
1220
1283
1271
1289
1303
1315
1266
1290
1236
1200
1100
1010
926
863
760
719
669
585
553
520
485
466
428
401
374
364
337
333
316
299
291
273
253
266
233
230
225
214
209
197
207
180
181
161
175
161
163
149
145
151
143
142
137
132
118
141
125
126
118
125
115
126
97
117
105
103
110
96
91
103
106
93
91
91
94
85
98
80
82
90
79
78
73
80
77
79
78
65
80
65
79
72
66
70
72
58
57
70
61
56
63
59
61
59
71
54
46
63
67
61
54
60
45
47
51
58
44
41
53
55
50
47
44
58
56
42
56
57
44
39
49
38
44
34
41
47
35
43
42
41
40
59
45
37
45
49
46
39
39
38
31
35
44
49
39
33
34
45
47
41
33
34
36
44
46
58
39
36
32
39
45
39
37
38
45
39
45
43
54
51
48
39
30
48
44
53
42
47
54
55
49
52
49
69
61
65
84
191
328
307
356
346
308
318
371
459
367
257
215
194
239
187
161
108
118
130
144
127
137
90
84
90
85
67
82
72
66
63
42
37
27
19
28
