455
450
456
445
472
460
471
487
511
491
474
503
505
490
508
490
480
468
488
471
498
485
509
483
472
490
500
489
501
494
498
498
490
507
515
502
509
493
510
496
513
494
499
482
495
472
460
459
462
457
436
442
436
438
441
437
436
436
437
436
440
435
394
384
371
354
339
322
315
304
285
277
276
277
256
253
240
237
229
234
210
219
206
206
220
195
193
200
193
198
168
187
180
181
154
178
163
164
155
172
152
152
147
147
139
145
138
134
132
137
119
153
103
133
119
124
115
120
115
121
121
110
129
94
109
108
108
105
101
105
99
103
91
108
86
89
116
73
103
82
100
77
107
68
103
88
82
91
95
82
93
76
86
81
92
74
75
84
75
89
68
79
75
78
76
64
71
75
81
58
78
64
64
81
55
72
67
65
75
56
73
75
49
61
74
61
55
51
76
53
60
58
55
53
56
58
51
55
54
53
59
43
45
49
59
51
46
42
48
55
39
52
42
38
53
51
37
37
45
51
46
40
39
38
47
35
45
37
41
40
34
33
34
42
43
34
29
33
32
42
37
23
29
29
37
39
32
33
32
27
27
29
29
43
28
30
28
26
29
32
36
26
32
31
17
37
24
21
37
24
30
28
21
26
21
25
26
22
29
27
28
13
21
24
21
21
20
30
28
26
20
29
13
18
18
21
26
16
28
31
23
26
16
19
26
17
21
14
26
21
18
20
29
17
23
19
14
18
17
20
18
23
14
21
18
22
19
18
18
21
16
16
14
16
28
20
20
17
25
21
17
14
17
17
16
17
18
15
14
21
16
22
20
15
24
16
17
15
15
17
14
15
16
16
16
20
21
16
24
14
16
14
21
23
17
18
15
17
9
16
19
21
16
16
19
16
16
17
17
18
18
18
16
20
13
26
12
18
21
13
21
19
15
23
22
14
16
22
21
14
23
14
24
18
12
21
24
17
16
20
14
12
25
19
18
27
21
29
22
26
14
27
21
19
14
20
30
29
24
29
22
13
34
22
31
26
22
27
28
20
110
131
106
112
124
100
103
96
100
105
107
111
109
144
111
122
155
180
151
128
137
130
118
109
110
115
105
103
105
92
100
80
67
68
45
59
60
55
66
66
52
55
46
42
49
45
36
30
30
34
33
31
30
38
37
38
41
29
23
31
24
27
22
18
22
25
17
21
22
24
22
19
31
20
29
20
22
21
23
23
21
17
17
24
10
13
9
13
8
5
4
0
0
0
0
0
0
0
0
0
0
0
0
0
0
0
0
0
0
0
0
0
0
0
0
0
0
0
0
0
0
0
0
0
0
0
0
0
0
0
0
0
0
0
0
0
0
0
0
0
0
0
0
0
0
0
0
0
0
0
0
0
0
0
0
0
0
0
0
0
0
0
0
0
0
0
0
0
0
0
0
0
0
0
0
0
0
0
0
0
0
0
0
0
0
0
0
0
0
0
0
0
0
0
0
0
0
0
0
0
0
0
0
0
0
0
0
0
0
0
0
0
0
0
0
0
0
0
0
0
0
0
0
0
0
0
0
0
0
0
0
0
0
0
0
0
0
0
0
0
0
0
0
0
0
0
0
0
0
0
0
0
0
0
0
0
0
0
0
0
0
0
0
0
0
0
0
0
0
0
0
0
0
0
0
0
0
0
0
0
0
0
0
0
0
0
0
0
0
0
0
0
0
0
0
0
0
0
0
0
0
0
0
0
0
0
0
0
0
