150528
0
0
0
26
666
1233
1695
1648
1624
1581
1535
1472
1424
1404
1525
1423
1395
1376
1320
1304
1293
1303
1319
1288
1173
1139
1086
1019
973
932
887
834
785
753
714
693
638
630
589
568
548
516
512
500
473
457
454
432
433
401
396
388
372
364
338
338
336
333
335
333
334
338
320
307
314
305
306
314
306
315
320
333
329
349
356
368
384
382
390
381
366
376
374
363
356
368
329
329
335
325
314
321
323
337
314
314
298
310
313
320
324
313
310
313
309
313
302
298
299
290
285
271
272
273
275
274
284
273
269
273
263
280
283
274
287
275
274
287
280
276
279
265
269
264
278
268
277
273
296
288
322
330
325
326
316
316
319
297
307
288
287
279
277
277
261
267
264
248
249
249
242
240
239
233
214
247
224
227
215
229
218
239
213
234
227
232
231
237
232
230
250
230
225
235
234
223
238
245
254
234
284
251
354
302
251
210
185
181
161
173
148
155
152
152
125
148
141
134
134
123
137
136
132
127
122
118
128
113
120
111
105
116
116
114
99
109
99
102
107
97
100
93
93
97
97
90
93
88
91
80
94
87
81
93
75
90
75
89
74
86
82
87
79
79
71
81
75
80
60
82
70
76
79
62
67
83
63
62
69
69
71
56
68
69
58
62
73
55
64
65
52
64
72
50
68
57
46
70
64
57
68
43
63
60
55
56
60
47
58
55
58
58
43
51
61
57
50
46
52
49
50
52
53
56
41
47
51
55
48
40
63
35
42
52
46
50
45
41
51
37
52
47
39
47
36
43
47
42
49
42
39
46
40
31
37
54
35
41
39
48
29
40
38
37
32
37
37
37
35
30
26
38
47
27
34
28
37
30
27
24
36
31
25
31
26
33
37
26
33
25
30
28
27
30
21
21
25
35
29
28
26
22
17
33
30
32
22
24
24
28
25
20
28
24
16
19
30
34
26
23
20
17
27
18
19
25
27
22
18
21
14
23
22
19
15
20
19
27
16
22
17
19
27
14
17
18
24
20
15
16
18
18
21
16
14
17
23
21
25
19
23
13
15
12
17
19
13
19
16
14
19
20
15
24
9
18
20
19
19
11
21
11
12
14
17
12
15
11
19
11
21
12
20
15
13
13
17
13
15
14
16
16
15
18
16
11
18
10
21
14
11
12
14
19
12
18
11
15
12
19
7
13
19
13
13
12
15
13
15
15
15
11
14
14
12
8
14
14
10
18
9
11
14
16
12
21
11
22
14
13
16
14
10
13
5
12
12
13
16
15
9
14
15
12
19
11
15
15
18
13
10
12
8
6
15
14
13
13
16
12
11
12
12
17
13
14
11
16
22
13
14
13
16
16
11
15
11
13
17
13
16
12
13
14
9
13
13
11
21
23
17
11
14
14
9
12
12
14
15
18
11
11
24
15
18
19
16
13
17
16
14
9
12
26
22
12
21
22
16
21
16
19
15
16
25
14
15
18
18
23
38
50
58
73
71
63
72
60
66
70
64
57
60
62
77
75
66
89
71
70
75
83
88
98
82
97
93
114
109
82
73
69
79
80
94
95
81
90
70
79
83
69
80
96
96
92
86
79
85
63
82
71
94
55
78
49
55
53
47
47
38
36
27
32
27
35
20
28
24
35
23
28
32
35
24
17
25
21
21
21
22
18
19
20
18
18
19
17
18
14
14
16
19
17
16
17
19
22
18
12
17
18
15
16
10
18
12
13
12
18
11
19
13
13
13
17
9
13
11
12
9
9
5
6
8
6
2
1
0
0
0
0
0
0
0
0
0
0
0
0
0
0
0
0
0
0
0
0
0
0
0
0
0
0
0
0
0
0
0
