150528
783
6077
5636
5184
4573
4208
3898
3765
3827
3457
2925
2461
2105
1804
1635
1504
1405
1318
1213
1177
1099
1057
1030
1002
1016
1019
1063
1018
1041
1036
1056
1051
1048
1046
1051
1021
1091
1116
1109
1192
1377
1359
1050
910
822
731
678
604
542
512
472
443
414
393
388
351
340
308
308
296
276
271
250
239
244
231
215
214
193
204
180
175
176
173
174
162
156
159
154
149
126
152
141
136
134
133
121
124
124
117
115
112
108
113
118
101
99
107
107
94
100
92
93
93
91
76
83
89
86
89
71
93
74
81
84
66
75
79
65
72
65
69
53
71
71
62
76
64
52
64
78
51
56
77
60
53
49
48
66
51
52
49
48
49
65
52
54
53
45
62
57
55
40
41
38
55
46
40
42
44
37
50
41
46
52
50
39
42
51
39
46
40
40
42
30
42
40
48
41
41
28
40
40
57
39
30
37
45
55
49
44
32
34
39
43
36
51
41
28
62
41
42
54
38
48
49
38
45
50
50
57
48
59
50
57
49
104
143
247
270
282
301
277
306
312
361
389
403
358
237
224
233
180
199
121
125
148
168
186
121
100
80
86
74
71
75
74
54
39
32
30
26
20
18
13
